$ANSIBLE_VAULT;1.1;AES256
32386235616236626138623935613935366262666661383562393266623961383135313666353634
3334323935313465616462633030636563353730633339300a333431343062383632313664646636
65633433303533623938363037303965366234303138663364383135663364626630393061363664
6537666164313630630a316631373232356531666537356465616335313763313264646262333336
62303438326132313731383062646561386238623761653132393639386662646530616435656436
39353666333038383933313262343030373737323164636137313133373136613234663638623164
63363538393434623262303330333465353438383438353762313632353638356631353334343138
63376330396635333931656438383831386135393432303535346332653338366162353736643930
64353665393230346566646563616534306236336666316164376566383135623235386236313861
39356238336562373430656663653937373237383034616462396231353839396564333531666332
31303432383061343734623536613532306533316366663734616437383530633861353339653065
33663636316131336430326635633434353339323066306338623637386331363861303831636537
38383466356566656666653564343139343138366162626363303566313066356465336362656361
33616361623863316135613530313539353034393630626438303535623437323662343066323731
38653561353539353931633835373133376237393537393263656262666131633539663135313163
37343930373433653664383865633464383634396637303133613031646231616533303538653737
61656163303331636166333365373830356630393333303737643930376237326338613233613837
62363335393165633062313331313835666163353835353434363238383834613034383963306533
62373836346561386536333533326139313936356461313735363661326631333364353665623433
63386634313234323531656636623037363731346664346233316331646366363335393230663834
64653563303962396536636637613130353231383830383136643837383638396334366434653838
63356535373436656462393562396239626632316430376463323037326635663430306530336566
64393733643762623335306438623462613835393133313838373366343934376165633461303637
61643865373538346137633230363432353732306339346564663734383264656130303736646336
38366231626366613766393431306266373866386662326464373131663737333963346363343266
30333265353030343966333764613732666338343633336564356264333538346166303464376331
35646233316564653235613365383636326431316339336135326239386338643762386365366561
61316636373734653666623866363332323839316130393364623462623335303034623436663233
65316366373232616265626434623963633230383631346336343430633163383562643333626438
36326139313764353831343365666339393939613261366461313631353963623465396133306564
33396566633362663036363936376537646265656663623537353734646634373361323666313461
61383331353964383434633163313065363166363763353835363762306134396330343634353464
64396631663864313335393464313435663766356466363764623137393965376163653339663935
66643037336237366533363366316437656238363430393264373864643163626563643335616236
64646334623661313130356230633364376438633239346135393732666233663261353630323537
35643265323433616532393565373133333535653363653335396264366663383366313664313766
34383039346631383736646537653261333736303831666161366166343261366435323136323563
66643932343136653636363563336239356139376430326561316338383037346536656461343136
37663465396134323438653733363961653830383235353461666265343434663831653662383431
38316532623865383161353333343463363464323138363537653137396530333730636332366638
39363662303036303964343435356665653263336665383530623039323662613932313231383237
33363935643963356361666639333837653632363536346434373230623838346236633130396664
38663033316536373164653232306566643963386439323932393336616637386565313863623435
35393862373163326138626531613831383831326332356538393733636661613630613839303062
38323031383633363438383138353633636630616135623432343963343063386131656566623631
36643363666364626430633066663335653963333834643333636462633438366332643037346563
33303635626338303034353163643735353265626530313333383461373261343864653364653731
62393662383663353461653262616564326638363838633134313336663765653962383937323430
33396262383462633930363361323732316533373964626335333666326462613261306338313265
32333363393735393432343463323131373034366361343235636263616230643438643762623339
31353762653031373032313937633238623430316262386534373738356364653064323763636131
37353739636164623330363563633161316330613438353835313432373966363930623236643565
30373961383166656530363135353935306332383033303035613264363866656361353162326366
35666431313963633466393535346636386666656262643432313938396165623332613531626663
66333637653730613961303066393836386365326633376638383531383537636238373965623133
32613964373034333335623134396232663665643230363837313538356664396137616362393032
31313365613461393466346532383565633431306432623238623636353231646136633135633739
35636333316461386432616532666463343430313633623632313462303537643061623939366437
34643465316436353633656339316562336538336339656263313538356262386135633332636139
61646131373433633565343732343238306662343437363764373237383238313837666165623333
36363535343635613132353964343461326536336164666239363534663938353164636132626436
62366361623332643338623536663864383764396565626131616465623163333732346636613036
63393066306131393334306164633836333630333734663061313466373763663232346332643735
63613334306661666531666237363861396538653938343666386435346233396235646665323664
38633462636630626132333763656235663032383731326331393831333335373831613839623664
39636530636635663434646233376237613062373732383562666431373065623432656564386234
33316136313039333037323434333434386464363635313630353763313330326230366236353561
32663436393437623030386166346633326339363931653561363732323037323866306335373434
63343735636137323137663639323264346130633836616231613538393333326239376466363666
32613738353133663663633532626666326539383565326433623533313735613437303461353937
66313633623032323239333830323561373363656138386135393061633034366163643831663037
31626138666238313565363333643730653234663739303866336539643364346161386561313735
32356261613132373466356238343237633139356665653031666361663039363139323830656261
36353465653938326565623461376561386339366162346335353737363836353761643737643964
36346464353066393530633238313964383261643539656566386466313239346237303762613236
65366434393935343337653339333162393433656664303338353563363933663433366239626535
37383232633031656534323734623565393739393939643835616261623639313632363462366536
33363764663136376266663561633261376263353739633566613732376337313031386638323331
63393539346361646262343334633437363365333064383337623738323136656437633535393264
64616266356164656536653734316237346562333663663239653963613732383565636433633566
30623166323237653938666366366130343738666662663236623737343830306531636338653635
33323437643435306562666538373963313162343636636566626632633737386138326339376463
64363836373761373430323631376239313633626134393432396561623765643934343664613833
39386437643038393862313839666534373934353139343337363736616362653130363631646636
61643734386336303562383639646364353334306531316666386330613662346431303834313836
37333335663665613164623139643434373736383735643634643838316135323330666565336239
62343433636636323235373035313838333466356532623066333039383763363732613733636331
62306266326562386337643234383931636130613331353239636534653064363837396164323130
32393735313132353939313937313962623261356462326261333438353065363666653436353631
31653439653865363066396333303066613634353230626164643533653166386630303863373930
62373638393365376138616131656130613363663330663137303239326431323965326631656432
35623064306533326636323461353261653266353563326333636433663362343431353034636631
39306363643263613263356133336365343631373164336235306531343166636537353132353264
37623964353965313739306561333538323333363130626136313730333135343663626230666532
39366639376339653030393637656339306139663661306332323237663632393263363365626337
32636130333732613265643235343535393330636262323565356565623363323263363833393338
35336636393535303165313436353165356364396361376664663666643931343365393530656238
65363930386334663935306436333765616265333566313237373537633166613161323731313262
66353238613364353732396131656336373961393231336233353534306238363463383861323239
65356134363464373836376430623161323837303733356430373665663139656539373739353833
37363630346163306135316137623935656261313931316438313032366166303366393031306133
31636266343939653630306238373130613466353365336431613531316138373162316263616361
63626333663961323066616637366562383438373935356465393937656333343834396133616561
30353762376234386533633832616134366266363162373931306238396666356466643062323934
62653332616337623732336134343362386266323065383732356161613731623361393664356161
39333365376361623936356339653639643061626439356362336635383938626538666261376561
64343132663733323933316338653664323130636339653230376339353937353161303962636366
38363136663038653433343336633038373132303061623130626232656634646538633038653665
37613061326362646362653534656662656530316334633465376139343666626166363661626534
66366266393331376164303939326437333365316364346462663839326163353332626139396437
63383338663135396264626536373735373964373262306563626264313464613530303039643136
64633132613236306665613566313964636636613132646163326162336561646336316630363765
63663232393932623862653335306365623562303735643639346338393962316433373432666632
31383764303334323936316137326663393965333933633437396236646138393966623832376162
61636365653236333132396464363065613861633439383138303230653464363538326661626134
65643862343639643534343730376439353936666263383935643336613463613135386131653563
61386538626638653061623564313262346235613039656135386461393236383737336131326662
61313030373834343665613232343562363066363363663933306235346431343438613431666431
37643564323238636661363833653639656436373932333466303261653130613336373832356633
31323830636530653561666166393331313535383663346232623631316531393332353562646239
65636230366232383131323338393038323663303838363766636161323932383534313061356239
31613662666333306134386531336638306534393031323139613835316266353135366262633731
35343131633535313734363766626236633938643963396465383961393539366630626530346636
31623762643034313565353538363936396538303336363832333930623438313536323761646563
61393439613038363634343963616235363738383366613231303332346165623735313934396635
30633730343331633530373830343261333834656637346331653936373363363762336330396638
31363063346533616666663933646661313536353735623366373563393031316131383532636266
34393862646566313235343731373631633639643237366262323239383837303866633864396536
39653362333636616364333739376562656263356162346530636662373265323235393236383262
62343866613137386432333130373163363463653132656666643565316133653931313763386365
33383232633735623663653230656464323362363461616433636530376664373662616166626166
33383861306639396662303066316565313538323563636633386366313362373338373662356337
30363064626335393136376439323162343039643935633638346635356464623530353463323639
3235623132623930393031383464306366363135376633303239
